1.000000000 0.000000000 0.000000000 0.000000000 0.000000000 1.000000000 0.000000000 0.000000000 0.000000000 0.000000000 1.000000000 0.000000000
1.000000000 -0.000066488 0.000121869 -0.014873076 0.000066312 0.999998987 0.001442441 -0.012670935 -0.000121965 -0.001442433 0.999998927 1.315639973
0.999998510 -0.001555066 -0.000700175 -0.008763112 0.001556261 0.999997318 0.001709374 -0.038209338 0.000697515 -0.001710461 0.999998271 2.617907047
0.999996006 -0.002729120 -0.000705076 -0.013840172 0.002729602 0.999996066 0.000682858 -0.053957433 0.000703210 -0.000684780 0.999999464 3.930035114
0.999995232 -0.003003543 -0.000619049 -0.023556320 0.003003994 0.999995232 0.000730386 -0.071348645 0.000616852 -0.000732242 0.999999523 5.258616447
0.999992788 -0.003725149 -0.000777143 -0.021180242 0.003726530 0.999991417 0.001783445 -0.098287597 0.000770493 -0.001786328 0.999998093 6.576655865
0.999986410 -0.005215168 -0.000379443 -0.029974228 0.005216195 0.999982655 0.002757613 -0.111546263 0.000365055 -0.002759555 0.999996066 7.902954578
0.999989152 -0.004625403 -0.000556658 -0.036688104 0.004627287 0.999983370 0.003434159 -0.134527773 0.000540764 -0.003436698 0.999993920 9.239083290
0.999993563 -0.003525177 -0.000672858 -0.048086841 0.003526163 0.999992669 0.001469910 -0.150400043 0.000667671 -0.001472273 0.999998689 10.584508896
0.999998510 -0.001308188 -0.001076925 -0.049999539 0.001307828 0.999999106 -0.000335442 -0.177283138 0.001077363 0.000334033 0.999999344 11.925374031
0.999996960 0.002390550 -0.000593809 -0.068707883 -0.002391257 0.999996424 -0.001192324 -0.199990824 0.000590956 0.001193740 0.999999106 13.264266014
0.999989390 0.004573819 -0.000579275 -0.087312706 -0.004574604 0.999988616 -0.001361226 -0.220238388 0.000573042 0.001363861 0.999998927 14.596946716
0.999983072 0.005780393 -0.000713540 -0.089173421 -0.005780828 0.999983072 -0.000609089 -0.240109295 0.000710007 0.000613204 0.999999583 15.955799103
0.999994457 0.003311172 -0.000073001 -0.098996460 -0.003310998 0.999991953 0.002275184 -0.262826383 0.000080534 -0.002274930 0.999997377 17.311782837
0.999999702 -0.000789160 0.000027331 -0.102654606 0.000789039 0.999990940 0.004194666 -0.282413453 -0.000030641 -0.004194643 0.999991238 18.665956497
0.999994874 -0.003184945 -0.000275128 -0.108458877 0.003185393 0.999993622 0.001643867 -0.296441972 0.000269891 -0.001644735 0.999998689 20.011751175
0.999988258 -0.004827215 -0.000307371 -0.106322870 0.004827311 0.999988317 0.000310949 -0.326925278 0.000305866 -0.000312429 0.999999881 21.371646881
0.999997616 -0.001999749 0.000897300 -0.129524991 0.002000912 0.999997139 -0.001297035 -0.343782425 -0.000894703 0.001298827 0.999998748 22.719017029
0.999998629 0.000761011 0.001507682 -0.135813296 -0.000761370 0.999999702 0.000237181 -0.354696304 -0.001507500 -0.000238328 0.999998808 24.095987320
0.999998391 0.000754169 0.001628617 -0.132597327 -0.000761105 0.999990642 0.004262276 -0.389315844 -0.001625387 -0.004263508 0.999989569 25.466852188
0.999995291 -0.001142558 0.002856559 -0.147971004 0.001126151 0.999982953 0.005738428 -0.392807901 -0.002863067 -0.005735185 0.999979436 26.835031509
0.999981761 -0.005711927 0.001975504 -0.137073293 0.005703493 0.999974728 0.004248430 -0.412131935 -0.001999721 -0.004237085 0.999989033 28.198965073
0.999980569 -0.005964046 0.001802309 -0.134496599 0.005960384 0.999980211 0.002030237 -0.428061336 -0.001814381 -0.002019455 0.999996364 29.580242157
0.999976337 -0.006340533 0.002671796 -0.139667720 0.006342193 0.999979615 -0.000613026 -0.450125039 -0.002667855 0.000629957 0.999996245 30.954198837
0.999989629 -0.002949252 0.003471296 -0.155966103 0.002953327 0.999994934 -0.001169260 -0.474607736 -0.003467830 0.001179500 0.999993324 32.324573517
0.999990463 -0.002295924 0.003713420 -0.155744135 0.002307616 0.999992311 -0.003147281 -0.502274752 -0.003706166 0.003155820 0.999988139 33.708106995
0.999992192 -0.001680829 0.003590460 -0.152266458 0.001689917 0.999995351 -0.002529647 -0.525563121 -0.003586191 0.002535694 0.999990344 35.101409912
0.999991894 -0.000996793 0.003907122 -0.169077978 0.001002808 0.999998331 -0.001537710 -0.548256755 -0.003905582 0.001541616 0.999991119 36.489158630
0.999993563 0.000265577 0.003582442 -0.175613075 -0.000266230 0.999999940 0.000181945 -0.571974277 -0.003582394 -0.000182897 0.999993563 37.886581421
0.999989271 0.002898334 0.003612224 -0.178494111 -0.002900458 0.999995649 0.000582934 -0.600194812 -0.003610520 -0.000593405 0.999993265 39.285617828
0.999977648 0.005413239 0.003925646 -0.188104913 -0.005413721 0.999985397 0.000111974 -0.619560063 -0.003924982 -0.000133224 0.999992311 40.681182861
0.999966443 0.007215142 0.003866921 -0.192192838 -0.007217782 0.999973714 0.000668985 -0.643002093 -0.003861993 -0.000696873 0.999992311 42.094161987
0.999961257 0.008054621 0.003563172 -0.194615498 -0.008055835 0.999967456 0.000326608 -0.659301758 -0.003560425 -0.000355300 0.999993622 43.495159149
0.999969900 0.007141902 0.003027926 -0.197586805 -0.007143451 0.999974370 0.000501059 -0.689578950 -0.003024270 -0.000522674 0.999995232 44.917903900
0.999976993 0.006366158 0.002364659 -0.197744638 -0.006366639 0.999979794 0.000196173 -0.710469544 -0.002363363 -0.000211224 0.999997139 46.311714172
0.999984384 0.005424286 0.001331399 -0.202626765 -0.005424929 0.999985158 0.000480664 -0.735429823 -0.001328772 -0.000487879 0.999998987 47.739204407
0.999983013 0.005829913 0.000179313 -0.204720661 -0.005830173 0.999981880 0.001488230 -0.753727615 -0.000170633 -0.001489250 0.999998868 49.168144226
0.999980807 0.006145740 -0.000769792 -0.221163779 -0.006144602 0.999980032 0.001471925 -0.779824376 0.000778823 -0.001467166 0.999998629 50.576236725
0.999978364 0.006256931 -0.002031223 -0.226297975 -0.006253614 0.999979079 0.001635706 -0.797045469 0.002041416 -0.001622968 0.999996543 52.007854462
0.999974966 0.006190198 -0.003418032 -0.237573862 -0.006180154 0.999976456 0.002941849 -0.821057081 0.003436163 -0.002920651 0.999989808 53.425308228
0.999980748 0.005005138 -0.003654284 -0.249887750 -0.004990818 0.999979854 0.003917211 -0.845072627 0.003673817 -0.003898898 0.999985635 54.876605988
0.999984801 0.003125602 -0.004548266 -0.253339142 -0.003106014 0.999985874 0.004307363 -0.864588916 0.004561664 -0.004293170 0.999980390 56.325263977
0.999987721 0.000707478 -0.004904396 -0.269459248 -0.000691195 0.999994278 0.003320924 -0.880380809 0.004906718 -0.003317493 0.999982476 57.758464813
0.999988437 -0.000779878 -0.004738180 -0.285862982 0.000798117 0.999992251 0.003848683 -0.906431198 0.004735141 -0.003852420 0.999981344 59.137153625
0.999989867 -0.001851044 -0.004104350 -0.298460424 0.001869393 0.999988317 0.004471346 -0.922433317 0.004096025 -0.004478974 0.999981523 60.565662384
0.999987900 -0.003286070 -0.003666098 -0.312928110 0.003305646 0.999980271 0.005346281 -0.945551753 0.003648458 -0.005358335 0.999978960 61.983028412
0.999984860 -0.004599533 -0.003038498 -0.331006706 0.004615780 0.999974966 0.005361776 -0.968735814 0.003013760 -0.005375719 0.999980986 63.380405426
0.999979377 -0.005886043 -0.002580004 -0.334337175 0.005896894 0.999973655 0.004217918 -0.990342259 0.002555110 -0.004233045 0.999987721 64.779296875
0.999979198 -0.006072377 -0.002186547 -0.333787560 0.006081115 0.999973476 0.004012639 -1.010520220 0.002162123 -0.004025851 0.999989569 66.197166443
0.999991000 -0.004076715 -0.001138099 -0.351691633 0.004081065 0.999984264 0.003846276 -1.031990647 0.001122401 -0.003850886 0.999991953 67.593505859
0.999999046 -0.001227161 -0.000554681 -0.366356939 0.001230076 0.999985218 0.005285936 -1.052639365 0.000548186 -0.005286613 0.999985874 68.987350464
0.999997795 0.002078881 0.000314244 -0.373382837 -0.002080903 0.999976218 0.006575959 -1.073826551 -0.000300566 -0.006576599 0.999978244 70.409324646
0.999981225 0.006008552 0.001183704 -0.386503816 -0.006016688 0.999957383 0.006993555 -1.089192152 -0.001141633 -0.007000545 0.999974787 71.811470032
0.999937236 0.011027453 0.001956315 -0.414066434 -0.011040071 0.999917507 0.006562151 -1.108281255 -0.001883789 -0.006583339 0.999976575 73.206642151
0.999894679 0.014234417 0.002818469 -0.431917429 -0.014250710 0.999881268 0.005847733 -1.122069359 -0.002734895 -0.005887282 0.999978960 74.595481873
0.999875188 0.015436139 0.003347443 -0.430221170 -0.015456030 0.999862492 0.006000467 -1.145709276 -0.003254358 -0.006051458 0.999976337 75.968055725
0.999873877 0.015484382 0.003520265 -0.435070932 -0.015506321 0.999859989 0.006292716 -1.161571264 -0.003422333 -0.006346508 0.999974012 77.376754761
0.999880552 0.014938821 0.003966826 -0.447561771 -0.014961904 0.999870896 0.005854566 -1.179481983 -0.003878854 -0.005913218 0.999974966 78.753013611
0.999904454 0.013326501 0.003675982 -0.448364317 -0.013345111 0.999898016 0.005085210 -1.199250937 -0.003607839 -0.005133781 0.999980330 80.139045715
0.999913990 0.012748965 0.003054564 -0.444723755 -0.012764496 0.999905467 0.005120408 -1.218153596 -0.002988995 -0.005158958 0.999982178 81.525001526
0.999918580 0.012392688 0.003043608 -0.454918951 -0.012408598 0.999909163 0.005265466 -1.238932490 -0.002978079 -0.005302805 0.999981463 82.877716064
0.999927938 0.011754381 0.002450722 -0.455049932 -0.011766049 0.999919236 0.004803382 -1.255565763 -0.002394063 -0.004831871 0.999985456 84.243217468
0.999925494 0.012034735 0.002042210 -0.473740280 -0.012045019 0.999914408 0.005100075 -1.267179370 -0.001980657 -0.005124293 0.999984920 85.604972839
0.999933362 0.011492578 0.001008669 -0.472906053 -0.011498470 0.999915540 0.006045909 -1.293302298 -0.000939101 -0.006057104 0.999981165 86.969039917
0.999953985 0.009591811 -0.000089136 -0.485992074 -0.009590995 0.999931514 0.006710551 -1.303948045 0.000153496 -0.006709388 0.999977469 88.385261536
0.999975979 0.006808048 -0.001241546 -0.486934423 -0.006798304 0.999947309 0.007690446 -1.330767632 0.001293837 -0.007681822 0.999969602 89.709175110
0.999987781 0.004393454 -0.002228046 -0.492793053 -0.004375571 0.999958754 0.007968350 -1.349963665 0.002262963 -0.007958506 0.999965787 91.068275452
0.999990940 0.003041890 -0.002965623 -0.493177056 -0.003019680 0.999967515 0.007464882 -1.369356155 0.002988233 -0.007455858 0.999967754 92.424049377
0.999993265 0.002106095 -0.003024081 -0.508432806 -0.002084308 0.999971926 0.007189801 -1.384589434 0.003039140 -0.007183449 0.999969602 93.761528015
0.999992251 0.002344013 -0.003164234 -0.522513032 -0.002323458 0.999976277 0.006484107 -1.399220467 0.003179358 -0.006476703 0.999973953 95.113914490
0.999993742 0.001886424 -0.003013953 -0.539853156 -0.001867105 0.999977767 0.006399532 -1.420278430 0.003025958 -0.006393863 0.999974966 96.466133118
0.999991357 0.003299069 -0.002524328 -0.557494164 -0.003285977 0.999981225 0.005173197 -1.431910872 0.002541348 -0.005164857 0.999983430 97.789642334
0.999987543 0.004475541 -0.002195310 -0.578027844 -0.004463351 0.999974728 0.005526805 -1.449560404 0.002219990 -0.005516938 0.999982357 99.129257202
0.999986351 0.004794871 -0.002046261 -0.577920616 -0.004780426 0.999963939 0.007006523 -1.467603922 0.002079782 -0.006996646 0.999973297 100.456588745
0.999980271 0.005961648 -0.001975554 -0.598059714 -0.005944330 0.999944806 0.008658960 -1.484141350 0.002027067 -0.008647047 0.999960482 101.787376404
0.999984682 0.005232122 -0.001802134 -0.599781871 -0.005219651 0.999962866 0.006857050 -1.504554868 0.001837944 -0.006847539 0.999974787 103.154579163
0.999985456 0.005199384 -0.001443464 -0.618139803 -0.005192935 0.999976575 0.004435746 -1.516456127 0.001466494 -0.004428185 0.999989033 104.475875854
0.999987304 0.004648143 -0.001932390 -0.619457126 -0.004641653 0.999983609 0.003349605 -1.540135145 0.001947928 -0.003340593 0.999992490 105.806594849
0.999995947 0.002256670 -0.001780820 -0.630175591 -0.002248543 0.999987006 0.004552807 -1.556570172 0.001791072 -0.004548783 0.999988079 107.127578735
0.999999583 0.000430798 -0.000838315 -0.648435235 -0.000425429 0.999979496 0.006393164 -1.570961833 0.000841053 -0.006392805 0.999979198 108.458961487
0.999999583 -0.000979219 -0.000150767 -0.655360520 0.000980260 0.999974668 0.007067121 -1.590093732 0.000143843 -0.007067265 0.999974966 109.792457581
0.999998271 -0.001520623 0.001020918 -0.668944299 0.001514933 0.999983430 0.005551094 -1.604181290 -0.001029342 -0.005549538 0.999984026 111.137039185
0.999998331 0.000326885 0.001790602 -0.678160548 -0.000333182 0.999993742 0.003517865 -1.622156382 -0.001789440 -0.003518454 0.999992192 112.464111328
0.999990642 0.003015013 0.003099869 -0.691593230 -0.003017703 0.999995053 0.000863084 -1.637848020 -0.003097252 -0.000872430 0.999994814 113.790298462
0.999973059 0.005959645 0.004273740 -0.694695830 -0.005963618 0.999981761 0.000917421 -1.657256842 -0.004268195 -0.000942883 0.999990463 115.110160828
0.999959528 0.006763819 0.005933160 -0.697855830 -0.006782682 0.999971926 0.003164962 -1.681653738 -0.005911587 -0.003205077 0.999977350 116.459220886
0.999953032 0.006520678 0.007171520 -0.695326865 -0.006560316 0.999963224 0.005517484 -1.699549198 -0.007135280 -0.005564272 0.999959052 117.787643433
0.999948919 0.006315389 0.007893105 -0.698025942 -0.006362408 0.999962032 0.005945925 -1.716515779 -0.007855255 -0.005995841 0.999951184 119.126358032
0.999935687 0.007037016 0.008889724 -0.688016415 -0.007081737 0.999962389 0.005009135 -1.726994038 -0.008854140 -0.005071768 0.999947906 120.476997375
0.999912083 0.008475597 0.010208526 -0.686883807 -0.008527464 0.999950886 0.005047903 -1.749825716 -0.010165241 -0.005134512 0.999935091 121.812194824
0.999878287 0.010284489 0.011732723 -0.682372808 -0.010343659 0.999934018 0.004993769 -1.767060757 -0.011680589 -0.005114521 0.999918699 123.145507812
0.999855101 0.011495956 0.012556296 -0.678103209 -0.011539836 0.999927640 0.003427874 -1.779463410 -0.012515981 -0.003572275 0.999915302 124.492851257
0.999822497 0.012834745 0.013792889 -0.673557281 -0.012869203 0.999914229 0.002412392 -1.793039680 -0.013760744 -0.002589467 0.999902010 125.843505859
0.999828756 0.011382406 0.014585773 -0.662190795 -0.011420759 0.999931455 0.002549121 -1.814583898 -0.014555759 -0.002715265 0.999890327 127.195030212
0.999812782 0.011180094 0.015788101 -0.654323339 -0.011235435 0.999930978 0.003421010 -1.828222513 -0.015748763 -0.003597755 0.999869466 128.540878296
0.999822080 0.009377077 0.016372884 -0.641890287 -0.009453950 0.999944627 0.004623889 -1.850000381 -0.016328620 -0.004777855 0.999855220 129.910125732
0.999822199 0.008445905 0.016858576 -0.625140905 -0.008530797 0.999951363 0.004969966 -1.863124967 -0.016815780 -0.005112899 0.999845505 131.261550903
0.999836445 0.006672363 0.016810901 -0.609729290 -0.006754331 0.999965608 0.004823760 -1.874524951 -0.016778139 -0.004936518 0.999846995 132.624191284
0.999840140 0.004963246 0.017176060 -0.613707066 -0.005061280 0.999971151 0.005668795 -1.897396326 -0.017147427 -0.005754821 0.999836385 133.959854126
0.999853015 0.003657992 0.016747793 -0.598251581 -0.003747885 0.999978781 0.005339169 -1.912529826 -0.016727904 -0.005401152 0.999845505 135.312561035
0.999883294 0.002121769 0.015124676 -0.581453085 -0.002197678 0.999985099 0.005003977 -1.923844814 -0.015113832 -0.005036632 0.999873042 136.645889282
0.999896526 0.001083318 0.014341193 -0.568224669 -0.001168323 0.999981940 0.005920300 -1.940487623 -0.014334518 -0.005936444 0.999879658 138.002410889
0.999909639 -0.000116249 0.013438274 -0.558349609 0.000031951 0.999980390 0.006273018 -1.956634760 -0.013438738 -0.006272023 0.999890029 139.343276978
0.999930501 -0.000466538 0.011781840 -0.542217135 0.000397424 0.999982834 0.005867825 -1.969856501 -0.011784372 -0.005862736 0.999913394 140.692886353
0.999943614 -0.000954326 0.010580409 -0.533764720 0.000898126 0.999985516 0.005315182 -1.987127542 -0.010585329 -0.005305380 0.999929905 142.034149170
0.999953687 -0.000771249 0.009588730 -0.532074571 0.000722566 0.999986827 0.005079483 -2.004914522 -0.009592520 -0.005072319 0.999941111 143.368057251
0.999958098 -0.003399300 0.008500289 -0.526226163 0.003377123 0.999990821 0.002621988 -2.020637035 -0.008509124 -0.002593172 0.999960482 144.703033447
0.999932826 -0.008788498 0.007554243 -0.514401078 0.008773875 0.999959707 0.001966550 -2.035863400 -0.007571221 -0.001900138 0.999969542 146.068893433
0.999846339 -0.016019557 0.007107216 -0.510729551 0.015987726 0.999862015 0.004512886 -2.054261684 -0.007178530 -0.004398565 0.999964595 147.410095215
0.999720812 -0.023047760 0.005197710 -0.496873975 0.023016952 0.999717653 0.005911287 -2.071973324 -0.005332484 -0.005790002 0.999969065 148.763336182
0.999655426 -0.025979621 0.003755598 -0.476777852 0.025971483 0.999660254 0.002200815 -2.080968618 -0.003811499 -0.002102519 0.999990463 150.107543945
0.999658227 -0.025778672 0.004347535 -0.471195579 0.025784113 0.999666810 -0.001200464 -2.098242760 -0.004315140 0.001312151 0.999989748 151.461578369
0.999739945 -0.022260483 0.004953261 -0.479029536 0.022274647 0.999747872 -0.002822384 -2.132154226 -0.004889184 0.002931983 0.999983668 152.788192749
0.999735355 -0.022189060 0.006073150 -0.490808249 0.022205127 0.999750018 -0.002591278 -2.163004637 -0.006014134 0.002725447 0.999978185 154.113784790
0.999654353 -0.025519449 0.006321247 -0.475078046 0.025515230 0.999674141 0.000747398 -2.184176683 -0.006338260 -0.000585852 0.999979734 155.478073120
0.999501228 -0.030813407 0.006919690 -0.461992264 0.030791800 0.999520600 0.003208429 -2.201826572 -0.007015236 -0.002993759 0.999970913 156.840682983
0.999383628 -0.034436658 0.006821644 -0.453421116 0.034404356 0.999396443 0.004798021 -2.224120617 -0.006982755 -0.004560369 0.999965250 158.181823730
0.999333620 -0.035790548 0.007174709 -0.449748397 0.035758357 0.999350131 0.004565937 -2.237277508 -0.007333464 -0.004306339 0.999963820 159.524566650
0.999387324 -0.034122396 0.007784463 -0.443781972 0.034080897 0.999404490 0.005402925 -2.259059668 -0.007964189 -0.005134313 0.999955118 160.877426147
0.999511957 -0.029952692 0.008864634 -0.450659156 0.029915176 0.999543130 0.004334353 -2.271893024 -0.008990407 -0.004067051 0.999951363 162.215515137
0.999612868 -0.026173433 0.009438978 -0.434350491 0.026153821 0.999655545 0.002195333 -2.292794704 -0.009493185 -0.001947618 0.999953032 163.574218750
0.999690831 -0.022538671 0.010501316 -0.433009744 0.022526210 0.999745429 0.001303963 -2.305577993 -0.010528032 -0.001067005 0.999943972 164.923171997
0.999724567 -0.020949304 0.010580464 -0.429336667 0.020922793 0.999777794 0.002609979 -2.329772711 -0.010632789 -0.002387888 0.999940634 166.270736694
0.999759078 -0.019609923 0.009873318 -0.409330845 0.019585170 0.999804854 0.002597416 -2.355817795 -0.009922327 -0.002403419 0.999947906 167.633224487
0.999805629 -0.016989743 0.010012507 -0.416894197 0.016994366 0.999855518 -0.000376497 -2.366695881 -0.010004664 0.000546580 0.999949813 168.993530273
0.999865353 -0.013409645 0.009459411 -0.413657308 0.013441515 0.999904156 -0.003313583 -2.384972811 -0.009414070 0.003440286 0.999949753 170.340713501
0.999925077 -0.007785412 0.009445220 -0.419360042 0.007827389 0.999959588 -0.004415444 -2.417327166 -0.009410462 0.004489045 0.999945581 171.702835083
0.999947429 -0.003279263 0.009716723 -0.422498703 0.003310797 0.999989212 -0.003230984 -2.442600489 -0.009706024 0.003262985 0.999947548 173.067993164
0.999946892 -0.000041283 0.010299950 -0.427263618 0.000057288 0.999998808 -0.001553615 -2.464078188 -0.010299874 0.001554123 0.999945700 174.418548584
0.999947011 0.000870936 0.010260203 -0.421973467 -0.000877539 0.999999404 0.000639067 -2.487607241 -0.010259639 -0.000648037 0.999947071 175.797256470
0.999953389 -0.002428226 0.009349824 -0.415599942 0.002411549 0.999995530 0.001794580 -2.510617018 -0.009354139 -0.001771949 0.999954641 177.170745850
0.999962032 -0.004559458 0.007426119 -0.398430347 0.004547814 0.999988496 0.001584044 -2.527647018 -0.007433256 -0.001550212 0.999971151 178.572174072
0.999973118 -0.004678036 0.005646146 -0.400047779 0.004694839 0.999984562 -0.002966410 -2.547969341 -0.005632182 0.002992838 0.999979675 179.962646484
0.999985516 -0.003665550 0.003936526 -0.392258883 0.003691421 0.999971449 -0.006584878 -2.580619335 -0.003912277 0.006599316 0.999970555 181.376647949
0.999993563 0.001265998 0.003330962 -0.406234503 -0.001241714 0.999972701 -0.007282446 -2.609266996 -0.003340091 0.007278264 0.999967933 182.775131226
0.999982893 0.004889323 0.003243217 -0.414946616 -0.004868129 0.999966979 -0.006510831 -2.639215231 -0.003274944 0.006494932 0.999973536 184.164413452
0.999970436 0.006722558 0.003731850 -0.428176463 -0.006711926 0.999973536 -0.002853968 -2.670463085 -0.003750937 0.002828836 0.999988914 185.556640625
0.999965489 0.007212853 0.004124120 -0.434727967 -0.007210867 0.999973893 -0.000495871 -2.698793888 -0.004127589 0.000466116 0.999991357 186.949996948
0.999967277 0.006905592 0.004216381 -0.432431459 -0.006906180 0.999976158 0.000124882 -2.714005232 -0.004215419 -0.000153997 0.999991119 188.372894287
0.999977171 0.005366006 0.004105133 -0.432443082 -0.005368408 0.999985337 0.000574097 -2.734886885 -0.004101993 -0.000596122 0.999991417 189.824020386
0.999987245 0.002674754 0.004289725 -0.431563079 -0.002680091 0.999995649 0.001238942 -2.760694265 -0.004286393 -0.001250424 0.999989986 191.262680054
0.999990761 -0.000015403 0.004320603 -0.429539680 0.000010750 0.999999404 0.001076912 -2.777567863 -0.004320617 -0.001076855 0.999990106 192.686279297
0.999982059 -0.003500653 0.004851568 -0.428283751 0.003489721 0.999991298 0.002259953 -2.800234079 -0.004859437 -0.002242982 0.999985695 194.118103027
0.999952376 -0.008308256 0.005126358 -0.419239521 0.008288465 0.999958158 0.003870022 -2.822716713 -0.005158296 -0.003827348 0.999979377 195.552246094
0.999926746 -0.010688237 0.005681806 -0.416319966 0.010665922 0.999935269 0.003943712 -2.842859983 -0.005723590 -0.003882821 0.999976099 196.977935791
0.999947727 -0.008243162 0.006053409 -0.415225267 0.008247476 0.999965668 -0.000687960 -2.858476877 -0.006047531 0.000737849 0.999981463 198.424514771
0.999977291 -0.001153906 0.006638463 -0.423432589 0.001190501 0.999984026 -0.005511212 -2.882825851 -0.006631997 0.005518990 0.999962866 199.841445923
0.999934018 0.008344409 0.007896694 -0.432214141 -0.008298266 0.999948323 -0.005858276 -2.910401583 -0.007945170 0.005792361 0.999951601 201.304519653
0.999834597 0.015883923 0.008862544 -0.443867207 -0.015865851 0.999871790 -0.002105307 -2.937517881 -0.008894850 0.001964347 0.999958515 202.732406616
0.999807656 0.016807588 0.010109034 -0.447562218 -0.016811354 0.999858618 0.000287278 -2.967286110 -0.010102778 -0.000457170 0.999948800 204.188079834
0.999842584 0.015023780 0.009444275 -0.434480429 -0.015028630 0.999886930 0.000442484 -2.982800961 -0.009436562 -0.000584349 0.999955297 205.644531250
0.999897361 0.011611458 0.008396503 -0.427218437 -0.011617424 0.999932289 0.000661798 -3.010157108 -0.008388250 -0.000759276 0.999964535 207.088195801
0.999920011 0.009934152 0.007830153 -0.427997947 -0.009936264 0.999950647 0.000230552 -3.031054974 -0.007827475 -0.000308336 0.999969363 208.540557861
0.999923825 0.010223489 0.006917848 -0.409293175 -0.010220319 0.999947667 -0.000493401 -3.053957224 -0.006922530 0.000422660 0.999975979 210.027603149
0.999909341 0.011425498 0.007131604 -0.414007068 -0.011426273 0.999934733 0.000067556 -3.080564976 -0.007130366 -0.000149038 0.999974608 211.496841431
0.999899149 0.012300335 0.007107906 -0.418990016 -0.012307435 0.999923825 0.000956148 -3.105153561 -0.007095604 -0.001043531 0.999974310 212.951721191
0.999905288 0.012073315 0.006605143 -0.405732036 -0.012075331 0.999926984 0.000265269 -3.127603292 -0.006601459 -0.000345003 0.999978125 214.453170776
0.999912977 0.011709486 0.006068035 -0.397403240 -0.011702744 0.999930859 -0.001145624 -3.152122259 -0.006081032 0.001074512 0.999980927 215.928710938
0.999924481 0.010875053 0.005719024 -0.395977497 -0.010868658 0.999940276 -0.001147694 -3.174064159 -0.005731164 0.001085449 0.999983013 217.401870728
0.999922812 0.011199818 0.005376535 -0.397962928 -0.011193254 0.999936581 -0.001249393 -3.198642015 -0.005390187 0.001189116 0.999984741 218.875854492
0.999922276 0.011352553 0.005151101 -0.400891066 -0.011345510 0.999934614 -0.001394159 -3.223406553 -0.005166592 0.001335608 0.999985754 220.356185913
0.999924541 0.011282783 0.004856298 -0.403546691 -0.011274986 0.999935091 -0.001629793 -3.249095917 -0.004874372 0.001574915 0.999986887 221.838806152
0.999916852 0.012110787 0.004433399 -0.403801680 -0.012103100 0.999925196 -0.001756211 -3.275901079 -0.004454336 0.001702406 0.999988616 223.285079956
0.999919653 0.011985199 0.004129432 -0.406004608 -0.011977515 0.999926507 -0.001880059 -3.300889730 -0.004151661 0.001830447 0.999989688 224.764785767
0.999917746 0.012262567 0.003764231 -0.410597742 -0.012255844 0.999923408 -0.001804079 -3.329235792 -0.003786064 0.001757796 0.999991298 226.249252319
0.999925554 0.011536418 0.003969643 -0.417423069 -0.011527918 0.999931276 -0.002157007 -3.350033283 -0.003994253 0.002111085 0.999989748 227.744918823
0.999944627 0.009856923 0.003687432 -0.418252409 -0.009849639 0.999949515 -0.001988297 -3.384811401 -0.003706844 0.001951867 0.999991238 229.225357056
0.999952972 0.008857967 0.003945886 -0.422850490 -0.008850511 0.999958992 -0.001903546 -3.410493374 -0.003962585 0.001868534 0.999990404 230.720748901
0.999963701 0.007345145 0.004300982 -0.427573502 -0.007340599 0.999972463 -0.001072135 -3.435090065 -0.004308737 0.001040524 0.999990165 232.230606079
0.999963164 0.007533561 0.004111002 -0.428213120 -0.007530089 0.999971330 -0.000859912 -3.459697723 -0.004117362 0.000828924 0.999991179 233.731689453
0.999961972 0.007661161 0.004150291 -0.432401776 -0.007656654 0.999970078 -0.001100814 -3.491548061 -0.004158599 0.001068995 0.999990761 235.242446899
0.999954700 0.008403324 0.004462219 -0.433985472 -0.008396212 0.999963462 -0.001610217 -3.519493580 -0.004475586 0.001572679 0.999988735 236.747970581
0.999942780 0.009564807 0.004783862 -0.435633898 -0.009560259 0.999953806 -0.000972466 -3.544852018 -0.004792943 0.000926675 0.999988079 238.250396729
0.999930143 0.010183927 0.005995419 -0.449089289 -0.010190601 0.999947488 0.001083654 -3.569187403 -0.005984069 -0.001144676 0.999981403 239.766098022
0.999929547 0.009975442 0.006424526 -0.446599483 -0.009983477 0.999949455 0.001219935 -3.589487076 -0.006412031 -0.001283988 0.999978602 241.277740479
0.999917686 0.010602007 0.007229933 -0.448713660 -0.010601044 0.999943733 -0.000171368 -3.613745213 -0.007231343 0.000094709 0.999973774 242.777465820
0.999909103 0.011001385 0.007796674 -0.441852212 -0.010987896 0.999938011 -0.001770804 -3.634954929 -0.007815673 0.001684974 0.999967992 244.294235229
0.999908328 0.010882626 0.008045848 -0.440833330 -0.010876764 0.999940574 -0.000771824 -3.665921211 -0.008053767 0.000684240 0.999967337 245.820922852
0.999917090 0.010540622 0.007389890 -0.423857808 -0.010542507 0.999944389 0.000216045 -3.689542532 -0.007387202 -0.000293935 0.999972582 247.363830566
0.999907196 0.011401584 0.007464630 -0.427221298 -0.011404081 0.999934971 0.000291989 -3.710884809 -0.007460814 -0.000377089 0.999972045 248.888015747
0.999911726 0.011171639 0.007181258 -0.426666021 -0.011176448 0.999937356 0.000630041 -3.741526842 -0.007173770 -0.000710246 0.999974012 250.436859131
0.999892771 0.012461942 0.007684264 -0.426569462 -0.012468821 0.999921918 0.000848035 -3.764054060 -0.007673096 -0.000943758 0.999970138 251.975555420
0.999871075 0.014009340 0.007843849 -0.431137443 -0.014016766 0.999901354 0.000892869 -3.790963173 -0.007830568 -0.001002700 0.999968827 253.515975952
0.999860704 0.014555943 0.008172452 -0.430304766 -0.014563460 0.999893486 0.000861218 -3.807924271 -0.008159047 -0.000980118 0.999966204 255.063613892
0.999884546 0.013082854 0.007729745 -0.424620986 -0.013093771 0.999913275 0.001363311 -3.840465546 -0.007711239 -0.001464365 0.999969184 256.621429443
0.999904811 0.011527359 0.007588321 -0.414738655 -0.011544162 0.999930918 0.002174182 -3.863824368 -0.007562735 -0.002261576 0.999968827 258.152130127
0.999932826 0.008991649 0.007303853 -0.408424020 -0.009009683 0.999956369 0.002439839 -3.877350807 -0.007281595 -0.002505481 0.999970376 259.687835693
0.999939620 0.007870382 0.007661027 -0.412358999 -0.007882143 0.999967754 0.001506560 -3.894857407 -0.007648924 -0.001566854 0.999969482 261.225738525
0.999949932 0.006671210 0.007449124 -0.410897970 -0.006674245 0.999977648 0.000382700 -3.916356325 -0.007446404 -0.000432398 0.999972224 262.775909424
0.999954224 0.005374114 0.007911190 -0.401406050 -0.005388492 0.999983907 0.001797199 -3.939148188 -0.007901404 -0.001839746 0.999967039 264.335388184
0.999954402 0.003691177 0.008806646 -0.403121471 -0.003724347 0.999985993 0.003753161 -3.960922241 -0.008792667 -0.003785789 0.999954164 265.877960205
0.999959469 0.002986468 0.008488188 -0.390558481 -0.003007200 0.999992549 0.002430769 -3.976226568 -0.008480861 -0.002456197 0.999961019 267.421142578
0.999957740 0.002082065 0.008953161 -0.379326582 -0.002097937 0.999996185 0.001763729 -4.000443935 -0.008949453 -0.001782437 0.999958336 268.966918945
0.999951243 0.002812685 0.009464131 -0.371520519 -0.002825733 0.999994993 0.001365569 -4.022924423 -0.009460244 -0.001392245 0.999954283 270.511932373
0.999928355 0.005285856 0.010741779 -0.363082647 -0.005300808 0.999984980 0.001363917 -4.048348427 -0.010734408 -0.001420760 0.999941349 272.076751709
0.999910176 0.006682005 0.011618606 -0.356111765 -0.006693188 0.999977112 0.000923905 -4.069793224 -0.011612168 -0.001001587 0.999932051 273.616363525
0.999883056 0.008292610 0.012842963 -0.343759775 -0.008301513 0.999965310 0.000640121 -4.097081661 -0.012837209 -0.000746663 0.999917328 275.158386230
0.999861419 0.009350063 0.013769489 -0.323202133 -0.009354508 0.999956191 0.000258588 -4.124183655 -0.013766467 -0.000387359 0.999905169 276.708740234
0.999844253 0.010233000 0.014372840 -0.305225611 -0.010229867 0.999947727 -0.000291539 -4.157479763 -0.014375071 0.000144462 0.999896586 278.264373779
0.999841452 0.008908390 0.015409577 -0.290975571 -0.008907121 0.999960303 -0.000151084 -4.189195633 -0.015410310 0.000013805 0.999881208 279.821441650
0.999832928 0.008840322 0.015998028 -0.256675243 -0.008835857 0.999960899 -0.000349789 -4.213031292 -0.016000498 0.000208374 0.999871969 281.396942139
0.999830067 0.007849562 0.016681204 -0.238161087 -0.007859549 0.999968886 0.000533105 -4.237016678 -0.016676504 -0.000664121 0.999860644 282.974731445
0.999832213 0.006988543 0.016929803 -0.219057083 -0.007000185 0.999975264 0.000628510 -4.260291576 -0.016924994 -0.000746916 0.999856472 284.534057617
0.999842405 0.006555940 0.016497014 -0.190617561 -0.006531365 0.999977469 -0.001543106 -4.293446064 -0.016506758 0.001435115 0.999862671 286.100067139
0.999859393 0.005163927 0.015956260 -0.163316250 -0.005104297 0.999979854 -0.003775547 -4.320803642 -0.015975436 0.003693571 0.999865532 287.667663574
0.999871135 0.004937623 0.015275451 -0.139813900 -0.004881569 0.999981225 -0.003704769 -4.353846550 -0.015293455 0.003629723 0.999876440 289.229797363
0.999890268 0.003659946 0.014353370 -0.121878624 -0.003607362 0.999986708 -0.003687659 -4.382126331 -0.014366677 0.003635476 0.999890149 290.789672852
0.999908566 0.003514740 0.013055990 -0.106546640 -0.003458769 0.999984741 -0.004307108 -4.410751820 -0.013070930 0.004261557 0.999905407 292.339721680
0.999915481 0.003626556 0.012485815 -0.092448711 -0.003567428 0.999982357 -0.004754629 -4.438612938 -0.012502840 0.004709685 0.999910712 293.915222168
0.999924541 0.003679269 0.011713779 -0.073425293 -0.003629898 0.999984443 -0.004233249 -4.471570969 -0.011729172 0.004190409 0.999922454 295.484466553
0.999937475 0.003159539 0.010727969 -0.065394640 -0.003115974 0.999986827 -0.004075080 -4.503879070 -0.010740704 0.004041397 0.999934137 297.045959473
0.999950707 0.002841685 0.009504459 -0.054280519 -0.002817567 0.999992728 -0.002549944 -4.536789894 -0.009511636 0.002523039 0.999951601 298.616027832
0.999951303 0.004375430 0.008836078 -0.051482201 -0.004363623 0.999989510 -0.001355217 -4.562876701 -0.008841914 0.001316593 0.999960065 300.197631836
0.999943256 0.004519571 0.009649231 -0.044084787 -0.004506981 0.999988973 -0.001326198 -4.587665558 -0.009655120 0.001282634 0.999952555 301.788482666
0.999934077 0.004864163 0.010397301 -0.036556482 -0.004850065 0.999987304 -0.001380721 -4.618273735 -0.010403885 0.001330203 0.999944985 303.388793945
0.999933958 0.003647173 0.010897420 -0.030502081 -0.003628981 0.999991953 -0.001688563 -4.642643929 -0.010903493 0.001648905 0.999939144 304.973846436
0.999935925 0.001944367 0.011154216 -0.019088984 -0.001916131 0.999994934 -0.002541573 -4.673140526 -0.011159103 0.002520037 0.999934554 306.570068359
0.999933779 0.000389347 0.011495025 -0.001297235 -0.000336808 0.999989450 -0.004572142 -4.701807976 -0.011496683 0.004567967 0.999923468 308.170074463
0.999936283 -0.000120844 0.011285550 0.009989738 0.000184066 0.999984264 -0.005601176 -4.733498096 -0.011284696 0.005602896 0.999920607 309.769378662
0.999958813 0.000802776 0.009035300 0.015633106 -0.000743053 0.999977887 -0.006611373 -4.766333580 -0.009040409 0.006604388 0.999937236 311.383117676
0.999974668 0.001710729 0.006897500 0.020180464 -0.001669308 0.999980569 -0.006006546 -4.795859337 -0.006907642 0.005994881 0.999958158 312.983612061
0.999974430 0.002622614 0.006651582 0.020397186 -0.002604015 0.999992669 -0.002803252 -4.826328278 -0.006658886 0.002785859 0.999973953 314.612274170
0.999974906 0.001099070 0.006999068 0.031470776 -0.001102041 0.999999225 0.000420699 -4.861340523 -0.006998601 -0.000428402 0.999975383 316.243164062
0.999978423 0.000202122 0.006565704 0.042613745 -0.000209289 0.999999344 0.001090952 -4.884161949 -0.006565479 -0.001092303 0.999977887 317.871643066
0.999972224 -0.000477750 0.007439643 0.039187431 0.000479595 0.999999821 -0.000246203 -4.909084320 -0.007439524 0.000249764 0.999972284 319.483093262
0.999969304 -0.002330730 0.007487013 0.043056965 0.002328286 0.999997199 0.000335080 -4.938537598 -0.007487773 -0.000317638 0.999971867 321.092376709
0.999960721 -0.002238291 0.008574286 0.031117678 0.002233925 0.999997318 0.000518803 -4.964442253 -0.008575425 -0.000499629 0.999963105 322.703521729
0.999956429 -0.002043303 0.009108991 0.037233114 0.002039407 0.999997854 0.000436979 -4.991919518 -0.009109866 -0.000418383 0.999958396 324.322784424
0.999956846 -0.000803391 0.009255840 0.044296503 0.000808732 0.999999464 -0.000573278 -5.017089844 -0.009255375 0.000580738 0.999956965 325.936187744
0.999946475 0.000239608 0.010342197 0.046060562 -0.000227666 0.999999285 -0.001155864 -5.053493500 -0.010342466 0.001153448 0.999945819 327.555541992
0.999942183 -0.001246004 0.010681730 0.061790228 0.001234937 0.999998689 0.001042608 -5.083407879 -0.010683015 -0.001029357 0.999942422 329.197906494
0.999935091 -0.002331761 0.011151823 0.064080477 0.002311373 0.999995649 0.001840750 -5.112711430 -0.011156068 -0.001814855 0.999936104 330.791717529
0.999934733 -0.003475231 0.010883217 0.080775499 0.003469677 0.999993801 0.000529201 -5.137846470 -0.010884991 -0.000491405 0.999940634 332.430450439
0.999943197 -0.002530686 0.010346033 0.102715969 0.002524550 0.999996603 0.000606087 -5.166244030 -0.010347530 -0.000579933 0.999946237 334.069030762
0.999945164 -0.000518047 0.010458127 0.089655638 0.000531370 0.999999046 -0.001271179 -5.196317673 -0.010457461 0.001276667 0.999944508 335.664184570
0.999949336 0.001344532 0.009985939 0.094800949 -0.001301282 0.999989748 -0.004336298 -5.224337578 -0.009991668 0.004323083 0.999940753 337.278717041
0.999952972 0.002636114 0.009328998 0.099173784 -0.002600081 0.999989152 -0.003872519 -5.259838104 -0.009339105 0.003848081 0.999948978 338.880554199
0.999959111 0.003502962 0.008339308 0.100858927 -0.003500030 0.999993801 -0.000366175 -5.289902210 -0.008340538 0.000336972 0.999965072 340.494323730
0.999969840 0.003908036 0.006725553 0.107147455 -0.003927467 0.999988139 0.002878267 -5.322283745 -0.006714225 -0.002904594 0.999973178 342.095520020
0.999973238 0.004689827 0.005615958 0.112721682 -0.004697566 0.999988019 0.001365503 -5.345202923 -0.005609487 -0.001391848 0.999983311 343.699066162
0.999983072 0.004303985 0.003904463 0.108891726 -0.004302805 0.999990702 -0.000310583 -5.368938446 -0.003905765 0.000293777 0.999992251 345.281372070
0.999993742 0.002925068 0.002004581 0.109317064 -0.002926927 0.999995291 0.000924740 -5.393777847 -0.002001867 -0.000930602 0.999997497 346.874176025
0.999998569 0.001576644 0.000643815 0.111426048 -0.001577563 0.999997735 0.001428447 -5.422292233 -0.000641562 -0.001429461 0.999998748 348.471771240
0.999998629 0.001493826 0.000732129 0.090164796 -0.001494186 0.999998748 0.000490993 -5.443683147 -0.000731395 -0.000492086 0.999999523 350.061523438
0.999999881 0.000331756 0.000402247 0.085858643 -0.000331539 0.999999821 -0.000539584 -5.468254566 -0.000402426 0.000539450 0.999999702 351.654541016
0.999999821 0.000329485 0.000450683 0.078560099 -0.000329156 0.999999702 -0.000728434 -5.495836735 -0.000450923 0.000728286 0.999999642 353.247741699
0.999999821 -0.000349113 0.000426020 0.069737710 0.000349532 0.999999464 -0.000984507 -5.521991730 -0.000425676 0.000984657 0.999999404 354.842224121
0.999999762 -0.000696791 0.000170513 0.066133842 0.000697098 0.999998152 -0.001805592 -5.549412251 -0.000169255 0.001805711 0.999998331 356.437866211
0.999999523 -0.000944739 0.000290335 0.056579307 0.000945365 0.999997199 -0.002161401 -5.582405567 -0.000288292 0.002161674 0.999997616 358.042938232
0.999998748 -0.001553391 0.000265474 0.053416356 0.001553919 0.999996781 -0.001997387 -5.611787796 -0.000262371 0.001997798 0.999997914 359.635528564
0.999998808 -0.001510816 -0.000011903 0.052437924 0.001510777 0.999994934 -0.002807930 -5.642217159 0.000016145 0.002807908 0.999996006 361.231597900
0.999995410 -0.003030122 0.000139704 0.046492536 0.003030669 0.999987006 -0.004096939 -5.674629211 -0.000127288 0.004097344 0.999991596 362.817504883
0.999989867 -0.004491415 0.000255303 0.038718078 0.004491933 0.999987721 -0.002065180 -5.709802628 -0.000246024 0.002066307 0.999997854 364.422760010
0.999977231 -0.006742544 -0.000280293 0.047808096 0.006742236 0.999976635 -0.001083788 -5.740637302 0.000287594 0.001081873 0.999999404 366.023193359
0.999980688 -0.006202497 0.000328753 0.032617651 0.006203327 0.999977410 -0.002586252 -5.763444901 -0.000312705 0.002588242 0.999996603 367.612426758
0.999986887 -0.005017216 0.000979067 0.015525252 0.005020528 0.999981582 -0.003409895 -5.785806656 -0.000961941 0.003414765 0.999993742 369.226470947
0.999989688 -0.004386492 0.001150831 0.009430826 0.004388845 0.999988258 -0.002049755 -5.832734585 -0.001141826 0.002054785 0.999997258 370.804840088
0.999995828 -0.002646953 0.001076910 0.007066607 0.002648262 0.999995768 -0.001216603 -5.857020855 -0.001073685 0.001219450 0.999998689 372.406646729
0.999994218 -0.002939117 0.001708017 -0.001314402 0.002941720 0.999994516 -0.001523408 -5.891424179 -0.001703530 0.001528424 0.999997377 373.989044189
0.999994397 -0.002742197 0.001909371 -0.015634358 0.002747363 0.999992609 -0.002708039 -5.911814690 -0.001901931 0.002713270 0.999994516 375.578979492
0.999995112 -0.002253479 0.002176858 -0.014287949 0.002259202 0.999993980 -0.002630302 -5.949871063 -0.002170917 0.002635207 0.999994159 377.178985596
0.999993920 -0.002397847 0.002521202 -0.009290993 0.002403687 0.999994457 -0.002315511 -5.984927177 -0.002515635 0.002321558 0.999994099 378.806579590
0.999994993 -0.000093894 0.003161886 -0.032532334 0.000102604 0.999996185 -0.002754532 -6.008644104 -0.003161615 0.002754842 0.999991119 380.418701172
0.999991596 0.001689767 0.003745701 -0.037037134 -0.001681487 0.999996126 -0.002212567 -6.038839340 -0.003749425 0.002206250 0.999990523 382.021240234
0.999988377 0.002960619 0.003782915 -0.044769287 -0.002948926 0.999990880 -0.003093106 -6.066424370 -0.003792038 0.003081915 0.999988019 383.664215088
